#   1            2       3         4        5         6    7          8         9        10         11         12        13        14        15    16
#area   fthick[mm]  sample   mass[g] diam[mm] thick[mm] line  egam[keV]      Igam      epsi     Counts     tirr[s]  twait[s] tcount[s]  nprotons    BIF
EAR1FC         0.0      GF    1.4496     30.0    0.1016   11    411.800 9.562e-01 3.064e-03  6.650e+07     1382400    200019    166512 6.290e+18   0.45
EAR1FC         0.0      GF    1.4496     30.0    0.1016   12    675.880 8.050e-03 2.126e-03  5.507e+05     1382400    200019    166512 6.290e+18   0.45 
EAR1FC         0.0      GF    1.4496     30.0    0.1016   21    355.730 8.700e-01 3.396e-03  1.607e+06     1382400    200019    166512 6.290e+18   0.34 
EAR1FC         0.0      GF    1.4496     30.0    0.1016   22    333.030 2.290e-01 3.557e-03  4.148e+05     1382400    200019    166512 6.290e+18   0.34 
EAR1FC         0.0      D9    1.3080     30.0    0.1016   11    411.800 9.562e-01 3.064e-03  1.228e+08     1382400     16451    182472 6.290e+18   0.45
EAR1FC         0.0      D9    1.3080     30.0    0.1016   12    675.880 8.050e-03 2.126e-03  9.894e+05     1382400     16451    182472 6.290e+18   0.45 
EAR1FC         0.0      D9    1.3080     30.0    0.1016   21    355.730 8.700e-01 3.396e-03  2.194e+06     1382400     16451    182472 6.290e+18   0.34 
EAR1FC         0.0      D9    1.3080     30.0    0.1016   22    333.030 2.290e-01 3.557e-03  5.752e+05     1382400     16451    182472 6.290e+18   0.34
EAR1FC         0.0      C7    2.9543     20.0    0.1016   11    411.800 9.562e-01 3.064e-03  4.623e+07     1382400    367038    166138 6.290e+18   0.45
EAR1FC         0.0      C7    2.9543     20.0    0.1016   12    675.880 8.050e-03 2.126e-03  3.776e+05     1382400    367038    166138 6.290e+18   0.45 
EAR1FC         0.0      C7    2.9543     20.0    0.1016   21    355.730 8.700e-01 3.396e-03  2.643e+06     1382400    367038    166138 6.290e+18   0.34 
EAR1FC         0.0      C7    2.9543     20.0    0.1016   22    333.030 2.290e-01 3.557e-03  6.989e+05     1382400    367038    166138 6.290e+18   0.34
